<?xml version="1.0"?>
<opencv_storage>
<edge_template_pose011 type_id="opencv-matrix">
  <rows>4</rows>
  <cols>4</cols>
  <dt>f</dt>
  <data>
    -5.00000060e-01 -8.66025388e-01 0. 0. -8.13797653e-01 4.69846368e-01
    -3.42020154e-01 0. 2.96198130e-01 -1.71010092e-01 -9.39692616e-01
    3.00000012e-01 0. 0. 0. 1.</data></edge_template_pose011>
</opencv_storage>
