<?xml version="1.0"?>
<opencv_storage>
<edge_template_pose029 type_id="opencv-matrix">
  <rows>4</rows>
  <cols>4</cols>
  <dt>f</dt>
  <data>
    -9.96194720e-01 -8.71558115e-02 0. 0. -7.54791424e-02 8.62729907e-01
    -4.99999970e-01 0. 4.35779020e-02 -4.98097330e-01 -8.66025388e-01
    3.00000012e-01 0. 0. 0. 1.</data></edge_template_pose029>
</opencv_storage>
