<?xml version="1.0"?>
<opencv_storage>
<edge_template_pose024 type_id="opencv-matrix">
  <rows>4</rows>
  <cols>4</cols>
  <dt>f</dt>
  <data>
    -8.71557668e-02 9.96194720e-01 0. 0. 8.62729907e-01 7.54791051e-02
    -4.99999970e-01 0. -4.98097330e-01 -4.35778797e-02 -8.66025388e-01
    3.00000012e-01 0. 0. 0. 1.</data></edge_template_pose024>
</opencv_storage>
