<?xml version="1.0"?>
<opencv_storage>
<edge_template_pose004 type_id="opencv-matrix">
  <rows>4</rows>
  <cols>4</cols>
  <dt>f</dt>
  <data>
    8.71558040e-02 -9.96194720e-01 0. 0. -9.96194720e-01 -8.71558040e-02
    -8.74227766e-08 0. 8.70901076e-08 7.61940200e-09 -1. 3.00000012e-01
    0. 0. 0. 1.</data></edge_template_pose004>
</opencv_storage>
