<?xml version="1.0"?>
<opencv_storage>
<edge_template_pose035 type_id="opencv-matrix">
  <rows>4</rows>
  <cols>4</cols>
  <dt>f</dt>
  <data>
    2.58819014e-01 -9.65925813e-01 0. 0. -6.20885074e-01 -1.66365638e-01
    -7.66044557e-01 0. 7.39942193e-01 1.98266894e-01 -6.42787516e-01
    3.00000012e-01 0. 0. 0. 1.</data></edge_template_pose035>
</opencv_storage>
