<?xml version="1.0"?>
<opencv_storage>
<edge_template_pose036 type_id="opencv-matrix">
  <rows>4</rows>
  <cols>4</cols>
  <dt>f</dt>
  <data>
    5.73576331e-01 -8.19152117e-01 0. 0. -5.26540756e-01 -3.68687719e-01
    -7.66044557e-01 0. 6.27507031e-01 4.39385027e-01 -6.42787516e-01
    3.00000012e-01 0. 0. 0. 1.</data></edge_template_pose036>
</opencv_storage>
