<?xml version="1.0"?>
<opencv_storage>
<edge_template_pose033 type_id="opencv-matrix">
  <rows>4</rows>
  <cols>4</cols>
  <dt>f</dt>
  <data>
    -4.22618181e-01 -9.06307817e-01 0. 0. -5.82563341e-01 2.71653682e-01
    -7.66044557e-01 0. 6.94272161e-01 -3.23744357e-01 -6.42787516e-01
    3.00000012e-01 0. 0. 0. 1.</data></edge_template_pose033>
</opencv_storage>
