<?xml version="1.0"?>
<opencv_storage>
<edge_template_pose030 type_id="opencv-matrix">
  <rows>4</rows>
  <cols>4</cols>
  <dt>f</dt>
  <data>
    -9.96194720e-01 -8.71558115e-02 0. 0. -5.60226664e-02 6.40341520e-01
    -7.66044557e-01 0. 6.67652339e-02 -7.63129532e-01 -6.42787516e-01
    3.00000012e-01 0. 0. 0. 1.</data></edge_template_pose030>
</opencv_storage>
