<?xml version="1.0"?>
<opencv_storage>
<edge_template_pose014 type_id="opencv-matrix">
  <rows>4</rows>
  <cols>4</cols>
  <dt>f</dt>
  <data>
    3.42020154e-01 -9.39692616e-01 0. 0. -8.83022189e-01 -3.21393818e-01
    -3.42020154e-01 0. 3.21393818e-01 1.16977789e-01 -9.39692616e-01
    3.00000012e-01 0. 0. 0. 1.</data></edge_template_pose014>
</opencv_storage>
