<?xml version="1.0"?>
<opencv_storage>
<edge_template_pose032 type_id="opencv-matrix">
  <rows>4</rows>
  <cols>4</cols>
  <dt>f</dt>
  <data>
    -7.66044497e-01 -6.42787576e-01 0. 0. -4.13175821e-01 4.92403835e-01
    -7.66044557e-01 0. 4.92403924e-01 -5.86824238e-01 -6.42787516e-01
    3.00000012e-01 0. 0. 0. 1.</data></edge_template_pose032>
</opencv_storage>
