<?xml version="1.0"?>
<opencv_storage>
<edge_template_pose039 type_id="opencv-matrix">
  <rows>4</rows>
  <cols>4</cols>
  <dt>f</dt>
  <data>
    9.96194661e-01 8.71559009e-02 0. 0. 5.60227260e-02 -6.40341520e-01
    -7.66044557e-01 0. -6.67653009e-02 7.63129473e-01 -6.42787516e-01
    3.00000012e-01 0. 0. 0. 1.</data></edge_template_pose039>
</opencv_storage>
