<?xml version="1.0"?>
<opencv_storage>
<edge_template_pose046 type_id="opencv-matrix">
  <rows>4</rows>
  <cols>4</cols>
  <dt>f</dt>
  <data>
    -4.22618061e-01 9.06307876e-01 0. 0. 8.92539024e-01 4.16197538e-01
    -1.73648223e-01 0. -1.57378748e-01 -7.33868778e-02 -9.84807730e-01
    3.00000012e-01 0. 0. 0. 1.</data></edge_template_pose046>
</opencv_storage>
