<?xml version="1.0"?>
<opencv_storage>
<edge_template_pose005 type_id="opencv-matrix">
  <rows>4</rows>
  <cols>4</cols>
  <dt>f</dt>
  <data>
    -1.73648193e-01 -9.84807730e-01 0. 0. -9.84807730e-01 1.73648193e-01
    -8.74227766e-08 0. 8.60946230e-08 -1.51808077e-08 -1. 3.00000012e-01
    0. 0. 0. 1.</data></edge_template_pose005>
</opencv_storage>
