<?xml version="1.0"?>
<opencv_storage>
<edge_template_pose010 type_id="opencv-matrix">
  <rows>4</rows>
  <cols>4</cols>
  <dt>f</dt>
  <data>
    -8.19152057e-01 -5.73576450e-01 0. 0. -5.38985550e-01 7.69751132e-01
    -3.42020154e-01 0. 1.96174711e-01 -2.80166507e-01 -9.39692616e-01
    3.00000012e-01 0. 0. 0. 1.</data></edge_template_pose010>
</opencv_storage>
