<?xml version="1.0"?>
<opencv_storage>
<edge_template_pose038 type_id="opencv-matrix">
  <rows>4</rows>
  <cols>4</cols>
  <dt>f</dt>
  <data>
    9.65925753e-01 -2.58819282e-01 0. 0. -1.66365802e-01 -6.20885015e-01
    -7.66044557e-01 0. 1.98267102e-01 7.39942193e-01 -6.42787516e-01
    3.00000012e-01 0. 0. 0. 1.</data></edge_template_pose038>
</opencv_storage>
