<?xml version="1.0"?>
<opencv_storage>
<edge_template_pose007 type_id="opencv-matrix">
  <rows>4</rows>
  <cols>4</cols>
  <dt>f</dt>
  <data>
    -7.66044438e-01 -6.42787635e-01 0. 0. -6.42787635e-01 7.66044438e-01
    -8.74227766e-08 0. 5.61942812e-08 -6.69697329e-08 -1. 3.00000012e-01
    0. 0. 0. 1.</data></edge_template_pose007>
</opencv_storage>
