<?xml version="1.0"?>
<opencv_storage>
<edge_template_pose044 type_id="opencv-matrix">
  <rows>4</rows>
  <cols>4</cols>
  <dt>f</dt>
  <data>
    2.58819133e-01 9.65925813e-01 0. 0. 9.51251209e-01 -2.54887074e-01
    -1.73648223e-01 0. -1.67731300e-01 4.49434817e-02 -9.84807730e-01
    3.00000012e-01 0. 0. 0. 1.</data></edge_template_pose044>
</opencv_storage>
