<?xml version="1.0"?>
<opencv_storage>
<edge_template_pose021 type_id="opencv-matrix">
  <rows>4</rows>
  <cols>4</cols>
  <dt>f</dt>
  <data>
    8.19152057e-01 5.73576450e-01 0. 0. 4.96731758e-01 -7.09406495e-01
    -4.99999970e-01 0. -2.86788195e-01 4.09575999e-01 -8.66025388e-01
    3.00000012e-01 0. 0. 0. 1.</data></edge_template_pose021>
</opencv_storage>
