<?xml version="1.0"?>
<opencv_storage>
<edge_template_pose045 type_id="opencv-matrix">
  <rows>4</rows>
  <cols>4</cols>
  <dt>f</dt>
  <data>
    -8.71555880e-02 9.96194720e-01 0. 0. 9.81060266e-01 8.58314931e-02
    -1.73648223e-01 0. -1.72987446e-01 -1.51344128e-02 -9.84807730e-01
    3.00000012e-01 0. 0. 0. 1.</data></edge_template_pose045>
</opencv_storage>
