<?xml version="1.0"?>
<opencv_storage>
<edge_template_pose013 type_id="opencv-matrix">
  <rows>4</rows>
  <cols>4</cols>
  <dt>f</dt>
  <data>
    -4.37113883e-08 -1. 0. 0. -9.39692616e-01 4.10752676e-08
    -3.42020154e-01 0. 3.42020154e-01 -1.49501762e-08 -9.39692616e-01
    3.00000012e-01 0. 0. 0. 1.</data></edge_template_pose013>
</opencv_storage>
