<?xml version="1.0"?>
<opencv_storage>
<edge_template_pose037 type_id="opencv-matrix">
  <rows>4</rows>
  <cols>4</cols>
  <dt>f</dt>
  <data>
    8.19151938e-01 -5.73576570e-01 0. 0. -3.68687868e-01 -5.26540637e-01
    -7.66044557e-01 0. 4.39385206e-01 6.27506912e-01 -6.42787516e-01
    3.00000012e-01 0. 0. 0. 1.</data></edge_template_pose037>
</opencv_storage>
