<?xml version="1.0"?>
<opencv_storage>
<edge_template_pose041 type_id="opencv-matrix">
  <rows>4</rows>
  <cols>4</cols>
  <dt>f</dt>
  <data>
    9.39692557e-01 3.42020243e-01 0. 0. 3.36824179e-01 -9.25416470e-01
    -1.73648223e-01 0. -5.93912080e-02 1.63175941e-01 -9.84807730e-01
    3.00000012e-01 0. 0. 0. 1.</data></edge_template_pose041>
</opencv_storage>
