<?xml version="1.0"?>
<opencv_storage>
<edge_template_pose015 type_id="opencv-matrix">
  <rows>4</rows>
  <cols>4</cols>
  <dt>f</dt>
  <data>
    6.42787635e-01 -7.66044438e-01 0. 0. -7.19846308e-01 -6.04022801e-01
    -3.42020154e-01 0. 2.62002647e-01 2.19846323e-01 -9.39692616e-01
    3.00000012e-01 0. 0. 0. 1.</data></edge_template_pose015>
</opencv_storage>
