<?xml version="1.0"?>
<opencv_storage>
<edge_template_pose027 type_id="opencv-matrix">
  <rows>4</rows>
  <cols>4</cols>
  <dt>f</dt>
  <data>
    -9.65925813e-01 2.58819133e-01 0. 0. 2.24143937e-01 8.36516261e-01
    -4.99999970e-01 0. -1.29409552e-01 -4.82962877e-01 -8.66025388e-01
    3.00000012e-01 0. 0. 0. 1.</data></edge_template_pose027>
</opencv_storage>
