<?xml version="1.0"?>
<opencv_storage>
<edge_template_pose040 type_id="opencv-matrix">
  <rows>4</rows>
  <cols>4</cols>
  <dt>f</dt>
  <data>
    9.96194661e-01 8.71559009e-02 0. 0. 8.58318061e-02 -9.81060207e-01
    -1.73648223e-01 0. -1.51344677e-02 1.72987431e-01 -9.84807730e-01
    3.00000012e-01 0. 0. 0. 1.</data></edge_template_pose040>
</opencv_storage>
