<?xml version="1.0"?>
<opencv_storage>
<edge_template_pose009 type_id="opencv-matrix">
  <rows>4</rows>
  <cols>4</cols>
  <dt>f</dt>
  <data>
    -1. 8.74227766e-08 0. 0. 8.21505353e-08 9.39692616e-01
    -3.42020154e-01 0. -2.99003524e-08 -3.42020154e-01 -9.39692616e-01
    3.00000012e-01 0. 0. 0. 1.</data></edge_template_pose009>
</opencv_storage>
