<?xml version="1.0"?>
<opencv_storage>
<edge_template_pose008 type_id="opencv-matrix">
  <rows>4</rows>
  <cols>4</cols>
  <dt>f</dt>
  <data>
    -9.06307757e-01 -4.22618330e-01 0. 0. -4.22618330e-01 9.06307757e-01
    -8.74227766e-08 0. 3.69464672e-08 -7.92319383e-08 -1. 3.00000012e-01
    0. 0. 0. 1.</data></edge_template_pose008>
</opencv_storage>
