<?xml version="1.0"?>
<opencv_storage>
<edge_template_pose049 type_id="opencv-matrix">
  <rows>4</rows>
  <cols>4</cols>
  <dt>f</dt>
  <data>
    -9.84807789e-01 1.73648119e-01 0. 0. 1.71010002e-01 9.69846308e-01
    -1.73648223e-01 0. -3.01536880e-02 -1.71010122e-01 -9.84807730e-01
    3.00000012e-01 0. 0. 0. 1.</data></edge_template_pose049>
</opencv_storage>
