<?xml version="1.0"?>
<opencv_storage>
<edge_template_pose047 type_id="opencv-matrix">
  <rows>4</rows>
  <cols>4</cols>
  <dt>f</dt>
  <data>
    -7.66044557e-01 6.42787457e-01 0. 0. 6.33022070e-01 7.54406571e-01
    -1.73648223e-01 0. -1.11618899e-01 -1.33022279e-01 -9.84807730e-01
    3.00000012e-01 0. 0. 0. 1.</data></edge_template_pose047>
</opencv_storage>
